1     1   3
2     1   4
3     1   5
4     1   6
5     1   7
6     1   2
7     3   2
8     4   2
9     5   2
10    6   2
11    7   2   3
12    5       3
13    6       3
14    7       3
15    8       3
16    9       3   4
17    6           4
18    7           4
19    8           4
20    9           4
21    10          4   5
22    7               5
23    8               5
24    9               5
25    10              5
26    11              5   6
27    12                  6
28    13                  6
29    14                  6
30    15                  6
31    16                  6

