1        1   5     
2        1   6
3        1   7
4        1   2                            
5        5   2                           
6        6   2                           
7            2    3                       
8        5        3                      
9        6        3                      
10                3    4                  
11       5             4                 
12       6             4                 
13       7             4                 



1        1   5    8 
2        1   6
3        1   7
4        1   2                            
5        5   2                           
6        6   2    8                       
7            2    3                       
8        5        3                      
9        6        3                      
10                3    4                  
11       5             4                 
12       6             4                 
13       7             4                 



1        1   
2        1   
3        1   
4            2                            
5            2                           
6            2                           
7            2    3                       
8                 3                      
9                 3                      
10                3    4                  
11                     4                 
12                     4                 
13                     4    