     1    2   3   4    5   6   7

     1    1   1   .    .   .   .
     .    .   2   2    2   .   .
     .    .   .   .    3   3   3

1    .    .   1   .    .   .   .   
2    .    .   1   .    .   .   .   
3    1    1   .   2    2   .   .   
4    .    .   2   .    .   .   .   
5    .    .   2   .    .   3   3   
6    .    .   .   .    3   .   .   
7    .    .   .   .    3   .   .   


1       2    
2   1       3  
3       2
4
5
6
7


1       2       4  5  6
2   1       3   4  5
3       2       4  5  6
4   1   2   3      5  6
5   1   2   3   4     6
6   1       3   4  5
7



1       2       4   5  6
2   1       3   4   5  6
3       2       4   5  6
4   1   2   3       5
5   1   2   3   4      6
6
7



1       2   
2   1       3
3       2       4
4               4
5 
6 
7 
8 
9 
10
11
12
13
